10
Cu-10                              
Cu    6.764330    7.847929    9.047558
Cu   10.212248    9.186311    7.945852
Cu   10.172388    9.391159   10.377893
Cu    8.150118    9.803972    9.001569
Cu    8.137401    8.240311    7.061378
Cu    9.125120    7.466754    9.214096
Cu    9.536858    9.345461   12.787078
Cu    9.926199    7.294024   11.513080
Cu    7.901096    8.509916   11.103448
Cu    8.446074   10.842911   11.190017


11
Cu-11                              
Cu    9.538762    8.003592   10.754313
Cu   11.138591    8.103333    8.886755
Cu   10.338746    8.107022   13.106755
Cu    8.895330    8.755892    8.260379
Cu   11.040970   10.086471   11.938798
Cu   12.111705   10.095068    9.773991
Cu   10.789247   10.133107    7.650707
Cu   11.918984    8.004169   11.169936
Cu    7.543469    9.270563   10.185839
Cu    8.683596    9.659878   12.270941
Cu    9.709865   10.330903    9.882551


12
Cu-12                              
Cu   11.144088   11.258523    7.393858
Cu    9.038642    9.798327    7.791809
Cu    9.886103   11.476937    9.405487
Cu    8.884525    9.401631   10.241878
Cu   11.220894    9.387512    8.880059
Cu    9.598251    7.589632    8.668706
Cu   10.937093   10.313325   11.222878
Cu    8.435768    7.058199   10.672649
Cu   12.386326   11.411255    9.501645
Cu    7.326548    8.284591    8.756866
Cu   12.953941    9.256460   10.521962
Cu   10.774305    7.879225   10.788027


13
Cu-13                                 
Cu    8.197619    9.697770   10.784954
Cu    8.572734   11.569212    9.267479
Cu   10.054222    8.280924   11.222683
Cu    8.367467    7.517706    9.649589
Cu   10.586508   10.689674   10.853206
Cu    9.947278    9.259142    8.930461
Cu    9.446334    9.934121   12.896344
Cu    7.652623    9.444542    8.358775
Cu    8.768866   11.944159   11.718256
Cu    9.170088   10.830150    7.040939
Cu    9.541035   13.186256    7.743477
Cu   10.956182   11.430714    8.579560
Cu   10.199100   13.136101   10.140117


14
Cu-14                               
Cu   10.747165   10.680099   12.593276
Cu   12.625135    8.714648    7.097909
Cu   13.099283    8.863506    9.489298
Cu   10.992803    9.068285   10.808939
Cu   12.624620   10.811591   10.905459
Cu   11.543777   10.373778    8.549719
Cu   10.335116   11.421844   10.362992
Cu    9.174293    9.889516    8.906161
Cu    9.056634    7.768305   10.195597
Cu   10.925702    7.892750    8.666507
Cu    8.694754    9.896036   11.364338
Cu   10.242164    9.141665    6.780240
Cu    7.069768    8.982875    9.672382
Cu    8.429509    7.879202    7.849795


15
Cu-15                               
Cu    9.248164   13.013721    9.665480
Cu    8.093465   12.342256    7.560522
Cu   11.209377   10.612021   12.378502
Cu    9.762732    8.448461    8.085427
Cu    7.754353   12.880224   11.536938
Cu    7.445107   11.304868    9.622710
Cu   10.190550   12.939024   12.035147
Cu    7.762092    9.859526    7.654068
Cu   11.266310   11.774296   10.222335
Cu    9.735211   10.864170    8.570101
Cu    9.123553   10.914881   11.293412
Cu    8.357532    9.019943    9.946828
Cu   10.904138    9.366676   10.103592
Cu    9.894829    7.140156   10.149852
Cu    9.728192    8.639929   12.039642


16
Cu-16                               
Cu    8.877855    7.236737   11.165914
Cu    7.707765   11.832469    7.837393
Cu    7.834811    8.192578    9.186418
Cu    6.614349    9.596068    7.616862
Cu    6.811701    8.632201   11.335337
Cu    7.218453   10.469761    9.792048
Cu   11.098830    8.158840   11.585652
Cu   10.105242   12.138272    7.492451
Cu   10.291170    8.364196    9.345002
Cu    9.026497    9.838896    7.860135
Cu   11.324533   10.437849   10.765286
Cu   11.691213   12.420561    9.403190
Cu   12.671873    8.717357    9.725896
Cu   11.409984   10.266482    8.336320
Cu    9.030955    9.622044   11.166160
Cu    9.439190   11.542028    9.708772


17
Cu-17                                 
Cu   10.482979   10.654850   11.626199
Cu    8.236046   10.039917   10.715804
Cu   11.575921   12.375097   10.117726
Cu    7.810789   11.434596    8.679118
Cu   13.314471    9.521185    7.979514
Cu   10.951380    9.015486    7.591137
Cu   11.787147   11.398894    7.706618
Cu    9.843849   12.900397    8.319405
Cu   10.035464   10.702510    9.269093
Cu   10.221307    8.512625   10.348613
Cu   12.301136    9.936845   10.153177
Cu    8.542237    8.993483    8.409170
Cu    9.939691    7.002539    8.482982
Cu   12.203477    7.685125    9.198874
Cu   13.696673   11.653749    9.166475
Cu    9.462845   10.847228    6.943500
Cu    9.071049   12.429388   10.654645


18
Cu-18                              
Cu   10.203373    7.323237    8.322865
Cu   10.931028    7.490187   10.578457
Cu    9.413494    9.479717    9.668807
Cu   11.535543   11.146344    8.859185
Cu    8.410348    7.398289   10.147438
Cu   12.029462    8.809921    8.874398
Cu    8.221521    8.361328    7.608757
Cu   10.314252    9.604290    7.299289
Cu    9.691228    8.700763   12.163718
Cu   11.517788    9.881500   11.029027
Cu    7.524075    9.354834   11.538474
Cu   11.326425   12.305190   10.962046
Cu    6.795884    9.186505    9.282784
Cu   10.092052   12.021775    7.138614
Cu    7.380032   11.353466   10.184505
Cu    9.451244   12.286102    9.447505
Cu    8.138817   10.794329    7.911698
Cu    9.342168   11.072676   11.643068


19
Cu-19                                
Cu    9.149894   11.564695   11.648128
Cu    9.202687    8.557991    9.347676
Cu   11.513829    9.391440    9.041867
Cu    9.742602    9.621451    7.268063
Cu   10.283112    9.503266   11.327229
Cu    7.662872    9.726344   10.962292
Cu    9.588034   11.045878    9.282097
Cu    7.417636   11.893586    9.922324
Cu   10.653250    7.350578    7.878239
Cu    8.152699    7.658770    7.438067
Cu    7.471141    9.929761    8.442006
Cu    8.745281    9.330319   13.106268
Cu   11.621765   11.301652   10.595713
Cu    6.979196    7.726706    9.680431
Cu   11.002007    7.237100   10.372039
Cu    8.945796    6.180005    9.368758
Cu   10.780949    7.701393   12.774881
Cu    8.691377    7.456856   11.505544
Cu   12.573870    8.930046   11.210029


20
Cu-20                               
Cu   10.242949   10.021196   11.807787
Cu   11.310865    8.425638   10.287816
Cu   11.743531   11.480289   12.990118
Cu   11.597113   12.340939    9.110118
Cu    8.220986    9.269028   12.869747
Cu    9.878678    8.460895    8.279714
Cu    9.118739   11.632239   13.193776
Cu   10.086575   10.523379    9.422055
Cu   12.711274   12.972717   11.250435
Cu   10.335128   12.457891   11.185609
Cu   10.399226    9.622203   14.122050
Cu   12.119333    9.831961    8.418042
Cu    8.028018   10.914396   11.037038
Cu    7.857993   10.077866    8.748609
Cu    8.071957   13.241116   11.609699
Cu    8.764415   12.504847    9.329537
Cu   10.157402    7.718229   12.426149
Cu    8.777679    8.572279   10.484670
Cu   12.304313    9.032773   12.552969
Cu   12.400558   10.661279   10.697874


21
Cu-21                                
Cu   12.776553   11.254420   10.843995
Cu    9.078063   10.392473    8.863093
Cu   11.277287    7.294047    9.610518
Cu   11.044136    7.117926    7.192273
Cu   13.115007    8.746597   10.504970
Cu    7.079439   11.412663    9.749660
Cu    9.970222    9.205185   12.967335
Cu    8.523953   10.311041   11.361577
Cu   13.145362    7.979283    8.167784
Cu   11.151103    9.370262    8.046031
Cu   10.636313   11.499366   12.117863
Cu    9.271959   12.391842   10.287629
Cu   13.290133   10.375255    8.644814
Cu   11.218480   11.628654    8.980174
Cu   12.318948    9.709611   12.671635
Cu    7.314715    8.952868    9.731908
Cu    9.162169    7.866819   11.019916
Cu   11.433533    7.547694   12.016181
Cu   10.833627    9.598825   10.598247
Cu    9.190962    7.965694    8.551791
Cu   11.494333   13.323185   10.661133


22
Cu-22                                 
Cu   10.713246   12.608313   10.913275
Cu   10.246460   12.960575    8.408776
Cu   12.709313   11.260242   11.494217
Cu   12.385672   12.054098    9.208768
Cu    8.528452   11.819084   11.944032
Cu    8.448030   13.262226   10.004707
Cu   10.454905   10.350630   12.010709
Cu    9.748665   12.026935    6.159303
Cu    8.110031    7.604599    7.394999
Cu    9.905575    8.632257    8.642064
Cu   12.342283    8.865140   12.040944
Cu   12.053231   12.630199    6.861028
Cu    8.190966    9.422768   11.217748
Cu    8.035724   11.837948    7.939787
Cu    8.251951    7.350903    9.860806
Cu    7.510853    9.467434    8.788056
Cu   11.709144    9.752626    9.885196
Cu   10.986208   10.634167    7.705304
Cu   10.247038    8.098413   11.051645
Cu    8.824480    9.846384    6.747081
Cu    9.405583   10.925233    9.734765
Cu    6.944286   11.375171   10.170979


23
Cu-23                                 
Cu   13.126129    7.597163   14.033466
Cu   13.820559    8.461975    7.771895
Cu   14.128556    8.348561   11.946592
Cu   15.087288    8.884728    9.788294
Cu   13.131110    9.979891   13.458918
Cu   14.376545   10.750049   11.322376
Cu   11.948005   10.392817   11.325336
Cu   13.324592   10.439384    9.066017
Cu   11.677871    8.071856   12.189926
Cu   12.746178    8.174682    9.953105
Cu    8.728377   11.734207   12.853047
Cu   10.688815   12.495185   11.468348
Cu    9.666930    9.493348   12.520082
Cu   10.360766    8.809824   10.238915
Cu    9.112779   10.301693   14.763344
Cu    9.159363    9.802388    8.424419
Cu   11.118438    8.939275   14.439699
Cu   11.484202    9.127558    8.056850
Cu   11.013582   11.278059   13.637907
Cu   10.974206   11.247052    9.216955
Cu   12.962380   12.317542   12.621227
Cu   12.852603   12.504690   10.259161
Cu    9.014917   10.856553   10.613710


24
Cu-24                                
Cu   13.556605   10.288313   10.309052
Cu   10.633458   10.011027   13.255520
Cu   12.583211    8.768064   12.117913
Cu   11.275805   10.213152   10.867113
Cu   11.092577   12.377149   14.297626
Cu    8.723329   11.727791   13.556805
Cu    9.641155   14.077328   13.088174
Cu   10.477549   12.153711   12.050688
Cu   12.104864   13.808967   12.424819
Cu    9.566213    9.373655    9.234250
Cu   10.341526   14.108815   10.558005
Cu    8.239836   12.815506   11.261416
Cu   12.734806   11.304033   12.551991
Cu   10.182855    8.213511   11.438514
Cu   11.070182   13.202349    8.237459
Cu    8.587352   13.451787    8.788143
Cu    8.788654   10.308995   11.482488
Cu   11.873772    8.428834    9.376380
Cu   10.805631    8.979431    7.193369
Cu   12.322702   12.483414   10.299789
Cu   11.819421   10.760103    8.480681
Cu    7.696902   11.126421    9.366430
Cu    9.915278   11.807049    9.733672
Cu    9.571173   11.128019    7.456707


25
Cu-25                                 
Cu    9.459463   10.619287   10.849097
Cu    9.159322    8.907281    8.892619
Cu    9.101175    9.936124   15.071587
Cu    8.410641   11.336432    8.518812
Cu    8.175691    9.642089   12.862666
Cu    6.232300   11.425288    9.575817
Cu   10.354431   10.788749   13.205525
Cu   10.344156   12.518811    9.501131
Cu   11.477312    9.186927   11.615361
Cu   10.579258   11.216883    7.406197
Cu   11.664414   11.640113   11.321055
Cu   11.453435   10.180971    9.352335
Cu    9.279025    8.103421   11.212788
Cu    8.853998    9.717481    6.663497
Cu   11.177238    7.731987    9.615382
Cu   11.023803    8.755529    7.361247
Cu    7.425943   13.827554   12.486128
Cu    7.149864   11.566174   11.801777
Cu    8.263392   11.947925   13.916043
Cu    9.582996   12.838000   11.963606
Cu   10.157627    8.326953   13.528988
Cu    7.996727   13.120584   10.150043
Cu    7.325028    9.460704   10.521099
Cu    6.862557    9.498310    8.147372
Cu   11.175122    6.777852   11.860714


26
Cu-26                                 
Cu   12.892735   10.390937   11.243707
Cu   12.964963    8.112711   10.193578
Cu   13.588873   10.173124    8.824715
Cu   11.295242    9.724696    9.493440
Cu   11.107150    8.650166   11.723939
Cu    7.810919   11.927924   10.160738
Cu    7.187212    9.868123   11.529272
Cu    6.507738    7.945148   10.141585
Cu   10.476193   13.333935   13.071866
Cu    9.769091    9.034317    7.689262
Cu   11.006670   11.006856   12.664712
Cu    8.352476    7.256725    8.674314
Cu    9.480802   10.316199   10.860738
Cu   10.652181    7.350376    9.590155
Cu   12.423481   12.783761   11.680497
Cu   10.300043    6.707139    7.283322
Cu   10.123797   12.690654   10.764807
Cu    9.669134   11.391020    8.630748
Cu   12.009063   12.075860    9.342829
Cu   11.616010   10.686026    7.291300
Cu    8.609092   11.798366   12.579825
Cu    7.883363    9.649848    9.110147
Cu   14.268067   12.095940   10.213049
Cu   12.166553    8.242904    7.774662
Cu    9.159984    9.354941   13.062868
Cu    8.766680    7.965322   11.011546


27
Cu-27                                
Cu    9.599914    9.880467    7.952482
Cu    9.119833    9.337164   12.805287
Cu    9.754622    7.332309    9.508500
Cu   11.679841    8.846345    9.706492
Cu   11.410700   11.244043    9.645302
Cu    9.219215   12.195351    9.534631
Cu    7.284729   10.752415    9.484641
Cu    7.506890    8.307211    9.395158
Cu   10.537818   12.468746   11.620022
Cu    8.318423   11.534455   11.723319
Cu    6.979356    9.466094   11.565552
Cu    8.324925    7.358538   11.551883
Cu   10.773774    7.820397   11.756952
Cu   11.357053   10.216508   11.876933
Cu   11.157541    9.037673   14.033624
Cu    8.998792    9.335690   15.188204
Cu    9.942378   11.344465   13.757201
Cu    7.228231    8.180392   13.721460
Cu    7.412294   10.661926   13.844273
Cu    9.485782    7.201530   13.835195
Cu   12.040973   10.117870    7.587337
Cu   10.577532   12.080092    7.486650
Cu    8.144792   11.807568    7.390809
Cu    7.199302    9.600605    7.324569
Cu    8.680508    7.686172    7.316524
Cu   11.081276    7.917277    7.520465
Cu    9.376872    9.654118   10.434703


28
Cu-28                                 
Cu    8.132078   14.323660   11.447208
Cu   12.690195   12.105253    7.900846
Cu    9.720045   15.460760    9.952198
Cu   11.223726   13.810245    8.940975
Cu   10.462201   13.596149   11.292348
Cu   11.678192   10.284326    6.596089
Cu    8.816553   13.291854    9.310829
Cu   10.369607   11.602890    8.250315
Cu    9.398479    9.916565   12.750269
Cu   11.428566    9.638604   11.282996
Cu    8.811501   12.389053   12.794566
Cu   12.246511    9.858054    8.911428
Cu    9.631729   11.302954   10.693614
Cu    9.828063    9.294478    9.332384
Cu    7.683276    9.612278   10.781852
Cu    7.470187    7.191971   10.523200
Cu    7.624127    8.605742    8.487934
Cu    9.413602    6.926243    9.033933
Cu    7.080240   10.645828   12.922997
Cu   11.611064    7.642068    9.890736
Cu    7.273490   12.077283   10.872270
Cu   11.085103    8.117603    7.542819
Cu    8.018687   11.014691    8.759950
Cu    9.247386    9.761686    7.003147
Cu   11.189639   11.636672   12.610394
Cu   12.017018   11.882434   10.281847
Cu    7.554976    8.222352   12.748981
Cu    9.624525    7.878831   11.381164


29
Cu-29                                 
Cu    8.141605   10.675341   14.298360
Cu    9.980030    7.788800    9.087636
Cu   10.884590   13.286235   12.224568
Cu   10.847369    9.194910    7.250772
Cu    9.128835   12.903038   13.979752
Cu   12.167546    7.338389    8.177284
Cu    7.547680   11.973583   12.240440
Cu    7.779960    8.355612   10.048938
Cu    7.157909   13.282286   10.137770
Cu    8.304773   12.161487    8.225155
Cu    8.564888   14.157578   11.945325
Cu    8.607462    9.705519    8.157908
Cu    9.404785   12.450045   10.404039
Cu   10.621393   11.311781    8.514649
Cu    7.914571    9.482656   12.174686
Cu    7.384749   10.801374   10.084926
Cu    9.873131   11.067752   12.552032
Cu    9.692010    9.902416   10.414903
Cu   12.104162    9.213454   14.342965
Cu   11.523825    7.183883   13.095301
Cu   11.657051   11.468032   10.743746
Cu   11.986272    9.404802    9.439550
Cu    9.777906    8.858958   13.750669
Cu    9.606709    7.699286   11.588976
Cu   12.238866   11.394691   13.142189
Cu   11.665704    9.292532   11.935030
Cu   10.501143   10.986093   14.909426
Cu   11.840878    7.223449   10.619744
Cu    9.503572   11.058727    6.373526


30
Cu-30                                 
Cu    9.677309    9.405937   11.070216
Cu    9.586818   11.123698    9.376371
Cu    8.729790    8.543775   13.112748
Cu   10.185061   12.745468    7.581549
Cu   10.098168    7.546746    9.351063
Cu    9.641541    8.600086    7.186817
Cu   10.667418    7.341458   11.871199
Cu   11.056005   10.503753    7.288630
Cu   12.841006    8.625204   11.750132
Cu   13.353543   10.364504    8.046105
Cu   12.286939    6.950855   10.061637
Cu   12.018656    8.143950    7.805471
Cu   11.090172   11.829316   13.859050
Cu   11.187028   11.485142   11.430938
Cu   13.065825   10.736819   12.940912
Cu   13.560061   10.764673   10.562805
Cu    7.986133   12.274184   11.039241
Cu    9.709183   13.259453   12.448454
Cu   11.019669    9.456063   13.190015
Cu   11.950084   12.048265    9.109087
Cu   11.640429    9.579555    9.676655
Cu   13.943422    8.562159    9.515688
Cu    8.983280   10.986828   12.891685
Cu   10.045771   13.406909   10.047358
Cu    7.315155    9.861605   11.380370
Cu    8.052247   12.989916    8.652193
Cu    8.242622    7.479749   10.982491
Cu    8.474632   10.807054    7.286307
Cu    8.123910    9.030889    9.061741
Cu    6.857128   11.032242    9.266208


31
Cu-31                                 
Cu   13.150273   10.029454   11.480845
Cu   12.043962    7.877308   11.792768
Cu   10.541018    9.872410   11.633039
Cu   12.032538    9.660206   13.628768
Cu    9.693789   12.952099   12.466228
Cu    8.171323    9.020985   12.474890
Cu   11.536252   13.861394   11.041754
Cu    9.568411    7.570973   11.076755
Cu   13.295433   13.265750    9.135412
Cu   11.819880    7.596941    7.596952
Cu   13.171590    9.546019    7.433856
Cu   13.715517    8.211112    9.711604
Cu   13.858608   10.864073    9.300080
Cu   10.678238    9.777117    7.173766
Cu    8.295669   11.200077   11.501776
Cu    7.516449   11.537529    9.185658
Cu    9.352762   12.939452   10.050162
Cu    7.774795    9.061712   10.051705
Cu   11.032836   13.729638    8.545861
Cu    9.595402    7.995479    8.659545
Cu   13.703449   12.410769   11.333577
Cu   11.461928    6.731200    9.782384
Cu   11.794494   11.875342   12.706335
Cu   10.187601    8.152017   13.403241
Cu    9.620542   10.470803    9.439981
Cu   11.641175   11.681881   10.122304
Cu   12.097061   11.733064    7.603086
Cu   11.687925    9.236163    9.467232
Cu    9.564583   12.006686    7.594508
Cu    8.236740    9.784229    7.608792
Cu    9.642881   10.746025   13.642036


32
Cu-32                                 
Cu    8.128877   10.976377   12.746675
Cu    9.951652   10.892401   11.205526
Cu    9.703169    7.493221   10.607223
Cu   11.454172   12.770071    7.554980
Cu    7.963278    9.371463   10.822999
Cu    7.382548   11.863832   10.589373
Cu    8.174575    7.966844    8.753265
Cu    9.409837   14.071394    7.750555
Cu    9.764520    9.031898   12.673789
Cu   10.854346   13.967213    9.898004
Cu   11.653331    7.548983   12.292736
Cu   13.130015   13.122133    9.574425
Cu   10.467925   11.458149   13.467872
Cu    9.411173   13.114367   11.855132
Cu   12.125392    6.903062    9.906183
Cu   13.472843   11.273921    7.934164
Cu    9.072590    9.198293    6.778084
Cu    7.287117   12.790175    8.185080
Cu   11.473741    9.114683   10.506169
Cu   11.598488   11.296237    9.414566
Cu    7.427184   10.380901    8.482071
Cu    8.290340   14.216731   10.000399
Cu    9.673986    9.808714    9.007489
Cu    9.342462   12.217081    9.245221
Cu   13.017451    8.982286    8.669368
Cu   11.345240   10.199630    7.145210
Cu   12.262013   10.050676   12.573900
Cu   11.915575   12.426276   11.658913
Cu   13.682747    8.465547   11.118457
Cu   13.639601   10.826278   10.538645
Cu   10.750966    7.870705    8.149650
Cu    9.228713   11.638700    6.915409


33
Cu-33                                 
Cu    8.167304   11.945443   12.963009
Cu   11.415456   12.193046    7.432910
Cu    8.397579   13.639872   11.244811
Cu   11.506660   12.062457   10.309382
Cu   10.453535   12.801913   12.542809
Cu   12.715955   13.529827   11.784105
Cu   10.747284   14.424986   10.623784
Cu   10.936481   14.430964    8.137638
Cu   10.084146   10.323267   13.257483
Cu   12.990365   10.775318    8.691484
Cu    7.758229    9.664264   12.239385
Cu    9.500520   11.085880    6.466205
Cu    9.388817   11.033431   11.074540
Cu    7.721363   11.131873    8.181519
Cu    8.117927    9.231943    9.826613
Cu    9.431189   12.731357    9.248223
Cu    8.819936   15.050291    9.187781
Cu    7.091088   13.332800    9.023073
Cu    9.684056    8.315224   11.648952
Cu   10.127138   10.461620    8.781395
Cu    7.076652   11.483956   10.622189
Cu    8.869549   13.373529    7.088824
Cu   11.443790    9.588311    7.053413
Cu   11.436757    9.669893   10.662382
Cu   10.225793    7.992828    9.174378
Cu    8.794748    8.974291    7.438989
Cu   11.932165    8.772806   12.862004
Cu   13.931018   11.726543   10.700776
Cu   11.886959    7.325085   10.895520
Cu   12.662704    8.407953    8.847778
Cu   12.386823   11.147733   12.542330
Cu   13.704896    9.301610   10.994161
Cu   12.976406   13.384082    9.055001


34
Cu-34                                 
Cu   13.384462    8.848857   13.525483
Cu   12.510866   10.435549    7.366380
Cu   11.568833    6.856676   10.438972
Cu    9.674533    7.921130    9.095354
Cu   13.908617   10.737653   12.060367
Cu   13.641220   10.445668    9.559290
Cu   13.188499    8.582087   11.114027
Cu   12.067362    8.638623    8.863444
Cu    9.363281    7.038616   11.453334
Cu    8.091280    8.958440   10.689132
Cu   11.173995   12.235261   14.681488
Cu   10.340743   13.768847    8.480066
Cu    9.079814   11.223433   14.017388
Cu    8.425222   12.261832    8.217186
Cu   11.329568   10.202489   13.286349
Cu   10.546200   11.826900    7.015214
Cu    9.419766   11.000491   11.643785
Cu    7.792696   12.641421   12.398218
Cu   10.727383    9.076530   10.985164
Cu   10.138988   10.780933    9.210302
Cu   11.766856   11.350376   10.944840
Cu   11.509122   13.798901   10.674597
Cu    9.206662    8.882391   13.057110
Cu    8.111503    9.762945    8.366663
Cu    7.243080   10.267847   12.554230
Cu    7.444901   11.310977   10.243135
Cu   11.406935    7.661764   12.808809
Cu   10.323118    9.352443    7.219607
Cu   12.607114   12.800894   12.768730
Cu   13.764318   12.712029   10.601566
Cu   13.301525   11.104726   14.414317
Cu   12.315150   12.430598    8.682789
Cu   10.183475   13.171968   12.669518
Cu    9.091271   13.206701   10.420685


35
Cu-35                                 
Cu    9.473248    9.518209   14.594283
Cu   10.142316   10.216694    7.914722
Cu    9.475324    7.981003   12.613651
Cu    9.930057    7.047801   10.472958
Cu    9.567964    9.541061   10.285063
Cu   11.881645    8.130783   11.493604
Cu   11.327885   14.876000   11.883230
Cu   12.531766   13.555976   10.134378
Cu    8.051584    9.976894   12.656532
Cu    7.174429   10.969975   10.593616
Cu    7.626854    8.370824   10.764047
Cu    7.751396    9.876293    8.561278
Cu    9.405052   11.867176   13.912129
Cu    8.869128   12.042400    8.849287
Cu    9.262673   13.889835   12.533731
Cu   10.133478   13.808887   10.023918
Cu   11.586383    8.450521   13.924514
Cu   11.521503    8.426244    9.125091
Cu   13.476823   13.975019   12.392361
Cu   13.911212   11.765502   11.345376
Cu    7.322093   12.311838   12.706184
Cu    7.751413   13.432101   10.557815
Cu   10.654931   10.105155   12.439090
Cu    9.355849   11.792204   11.298747
Cu   11.564804   10.900044   14.554425
Cu   12.529706   10.179205    7.854769
Cu   11.300427   13.504202   14.174766
Cu   11.293342   12.454746    8.216050
Cu   13.505920   12.047018   13.795946
Cu   13.725649   11.849623    8.966019
Cu   11.598789   12.380341   12.171630
Cu   11.574790   10.981429   10.130274
Cu   13.145557    9.897179   12.668509
Cu   13.535515    9.543931   10.184060
Cu    9.187210    7.977824    8.405790


36
Cu-36                                 
Cu   11.280089   10.830843   12.391737
Cu    9.283260    9.546635   11.720104
Cu    9.781594    8.455782   13.779772
Cu    9.303325   11.012700   13.853323
Cu   10.501413    7.282464   11.616096
Cu    7.878585   11.639482   11.795676
Cu   13.200294    8.799528    8.845199
Cu   10.069540   12.453913    8.243435
Cu   14.240798   11.108878    9.027115
Cu   11.950137   10.756692    8.011941
Cu   11.452143    8.599167    7.115917
Cu    9.673256    9.928598    8.267990
Cu   11.124412    7.217683    9.084491
Cu    7.840423   11.329080    9.231602
Cu   13.398646   10.811349   13.416138
Cu   12.475881   13.094342   12.300916
Cu   14.545294   11.895830   11.490458
Cu   13.623135   13.768052   10.236865
Cu   11.428826    9.958387   14.743747
Cu   11.357059   12.335232   14.313961
Cu   12.827133    7.377172   10.843587
Cu    8.683486   13.428327   10.223620
Cu   12.202442    8.554770   12.899703
Cu    9.945680   12.994477   12.351651
Cu   11.309798    9.326797   10.334507
Cu    9.982665   11.412430   10.363173
Cu   13.695443    9.648952   11.165594
Cu   11.115087   13.762763   10.230988
Cu   12.394316   11.648616   10.318210
Cu   12.482112   13.055017    8.239194
Cu    8.086662    7.524569   12.144500
Cu    7.414348    9.621334   13.241935
Cu    8.907239    7.987179    9.848533
Cu    7.071041    9.494678   10.730306
Cu    9.243424    7.646383    7.493110
Cu    7.391412    9.105416    8.305742


37
Cu-37                                 
Cu    9.775163   13.884280   14.118582
Cu   10.816886   14.500817   12.037911
Cu    8.534663   13.509630   11.973042
Cu    9.888757   13.927846    9.795535
Cu    7.202603   11.376839   11.668923
Cu    7.576680   12.945137    9.760630
Cu   10.812928   11.900935   15.091801
Cu   11.699066   13.132977    8.235712
Cu    7.246981    8.820582   11.264425
Cu    7.777413    8.042966    9.044301
Cu    8.557715    7.800063   13.341063
Cu    9.225628    9.598945    7.592328
Cu   12.476729   12.957669   13.306658
Cu   11.902648   12.803215   10.790462
Cu    8.387357   11.830067   13.904447
Cu    9.250837   12.096380    8.118185
Cu    7.154880    9.762417   13.579680
Cu    7.566169   10.497768    9.315900
Cu    9.784462    9.739065   14.508695
Cu   10.984051   11.080285    6.707426
Cu   11.705221    7.829867   10.442098
Cu    9.268921    7.257229   11.102036
Cu   10.445825   12.004110   12.722242
Cu    9.478039   11.641210   10.534566
Cu   13.594706   11.259359   11.821229
Cu   13.722392   12.063630    9.464544
Cu   10.951058    8.197660   12.836098
Cu   11.652360    8.851394    8.084793
Cu   12.136269   10.349563   13.725428
Cu   13.242032   10.687678    7.548652
Cu   11.448151   10.201670   11.358511
Cu   11.367520   10.996576    9.074682
Cu    9.154921    9.898287   12.235635
Cu    9.722095    9.268036    9.879654
Cu   13.265944    8.788490   12.142421
Cu   13.379420    9.623296    9.814547
Cu   10.015857    7.172762    8.717248


38
Cu-38                                
Cu   10.168868   14.766790   10.533408
Cu   10.837845   13.593789    8.454684
Cu    8.429274   13.566812   11.828554
Cu    6.724386   12.235576    8.055617
Cu    6.767192   12.233106   13.068124
Cu    6.615148   12.292681   10.562919
Cu    7.824035   10.177083   13.971050
Cu    6.205331   10.163460    9.318800
Cu    9.553813    8.915343   12.673181
Cu   10.220800    9.770862   10.530201
Cu    8.407867   13.568180    9.266542
Cu    8.468730   11.041402   11.817612
Cu    9.117106   12.316618   13.946485
Cu    8.447391   11.042418    9.274761
Cu   10.201478   10.201336   14.721831
Cu    9.516909    8.918030    8.398716
Cu   12.036396    8.943322    9.193744
Cu   14.174671   10.245922    9.153858
Cu   10.871889   13.591317   12.599395
Cu    9.059649   12.320446    7.136964
Cu   14.459124   12.314374   10.496291
Cu   12.370624   11.082418   10.512820
Cu   11.547236   12.281530   14.575329
Cu    7.765905   10.181208    7.130769
Cu   14.197423   10.244226   11.839716
Cu   12.692405   10.232226    7.150002
Cu   10.893288   11.065290   12.582752
Cu   10.194479   12.340162   10.531932
Cu   13.108006   12.358480   12.611128
Cu   11.478735   12.285855    6.465831
Cu   12.360870   13.608651   10.514498
Cu   13.072773   12.361281    8.404061
Cu   12.749151   10.228176   13.868936
Cu   10.130383   10.206041    6.341105
Cu   12.059294    8.941849   11.834805
Cu   10.858631   11.067906    8.468942
Cu    6.226433   10.162295   11.811849
Cu    7.982654    8.900707   10.549997


39
Cu-39                                 
Cu   10.188398   12.796679   12.113063
Cu   11.601715   11.262973   10.777547
Cu    8.310954    8.614199   11.792856
Cu    9.080237   10.867946   11.048983
Cu   10.661850    8.979332   10.959058
Cu   10.228600   10.345093    8.931766
Cu   13.952450   11.631218   10.524805
Cu    9.936756   12.704332    9.645378
Cu   10.074782    6.929152   12.146376
Cu    6.726226   10.499965   11.302705
Cu   12.088090    8.320065   12.791897
Cu    7.530671   11.981437    9.441727
Cu    8.159103   10.663261   13.358887
Cu    7.676621   12.744264   11.906036
Cu   11.621829    8.402871    8.593634
Cu   12.638899   10.831538    8.534948
Cu   10.636626   10.494326   12.924655
Cu   10.536468   14.715855    8.507303
Cu   13.107660   10.712479   12.707218
Cu   11.069795   10.071404    6.714422
Cu    9.760719    8.566641   13.945066
Cu    8.425150   14.446730   10.096394
Cu   11.965223    7.015405   10.577724
Cu    9.324506    8.553276    7.543901
Cu    9.486813    7.384111    9.694556
Cu    7.921968    9.429122    9.372037
Cu   11.625106   12.264409   14.234793
Cu   10.875254   14.784470   10.928103
Cu   11.984600    9.770903   14.757757
Cu    8.583618   13.430986    7.749305
Cu   11.101267   14.529832   13.478756
Cu    9.103154   12.931755   14.193640
Cu   12.648228   13.173578   12.022275
Cu   12.359086   13.247408    9.442589
Cu    9.797239   10.802683   15.195369
Cu    8.875149   14.821365   12.478484
Cu   13.102110    9.265143   10.552197
Cu   10.872378   12.398003    7.441408
Cu    8.662087   11.018004    7.314472


40
Cu-40                                 
Cu   10.405169    9.767415   10.834328
Cu   12.882281    9.757583   11.305055
Cu    9.119088   10.296677   13.124962
Cu   13.992923   12.699221    9.557510
Cu    7.304051   11.166301   11.620524
Cu   11.854914   14.161243    9.534798
Cu    7.689656   12.957435    9.933223
Cu    9.896005   12.667388    8.824067
Cu   11.331646    8.782647   13.147673
Cu   15.151628   10.688797   10.626243
Cu    9.089318    7.883065   13.380963
Cu   13.320123   10.325072    8.858754
Cu   13.552357   12.124875   11.973816
Cu   11.363733   11.194633   12.572063
Cu   12.505875   15.092613   13.474841
Cu   11.446218   13.566366   11.952782
Cu    7.990143   13.621109   12.324088
Cu    9.546792   14.522312   10.570041
Cu    9.491965   12.076620   11.270476
Cu   11.782058   11.771040   10.209296
Cu   10.963040   10.643072   14.825031
Cu   15.686027   13.036863   11.358361
Cu    8.192280    8.867986   11.286783
Cu   12.183824   12.323267    7.884916
Cu    8.474401   10.618073    9.469856
Cu   10.792188   10.296633    8.394153
Cu   13.297248   10.306114   13.806107
Cu   15.510621   11.226306   13.048830
Cu    9.451491    8.348252    9.158989
Cu   11.916831    8.263210    9.506123
Cu   12.373441   12.696199   14.220110
Cu   14.569848   13.678695   13.495818
Cu    9.818117   12.686329   13.771252
Cu   13.671031   14.549784   11.316930
Cu    9.884454   15.075639   12.992231
Cu   11.530538   15.879086   11.314876
Cu   12.821856    7.392346   11.677720
Cu   14.851677    8.927454   12.393756
Cu   10.362535    7.382835   11.308660
Cu   14.375114    8.384693   10.001401


41
Cu-41                                 
Cu   10.397199   11.631966   14.237555
Cu   13.872333    8.052242   10.770827
Cu   11.411343   11.506613   11.639988
Cu   13.105847   10.370931   10.168016
Cu    7.184992   12.413275   11.637589
Cu   10.070335    7.756631    8.662055
Cu    9.702068    9.938498   12.346210
Cu   10.731326    9.615326   10.089810
Cu    7.377132    9.978232   11.271037
Cu    8.477416    9.632131    8.974901
Cu    9.082996   11.963404    7.990684
Cu    7.036912   11.613133    9.336186
Cu   11.427633   10.409924   16.078701
Cu   12.810273    7.053135   12.775493
Cu   12.035719   13.258729   12.986948
Cu   14.769231    9.320318    8.741460
Cu   12.684095   10.951758   14.061167
Cu   12.072947    8.624444   14.544641
Cu   13.076836   13.113782   10.561638
Cu   14.767970   11.812530    9.289095
Cu   10.496627   13.991028    8.285056
Cu   11.242586   12.207073    6.743892
Cu   12.075926    9.233953   12.163399
Cu   14.261144    9.175307   13.051317
Cu   13.978123   11.571447   12.169250
Cu   15.403997    9.976241   11.005516
Cu    7.985168   11.037462   13.534331
Cu   11.440527    7.263210   10.696508
Cu    9.394703   12.930584   12.520967
Cu   12.450846    8.453926    8.669563
Cu    8.466936   13.680321    9.774845
Cu   11.332582   11.885614    9.147882
Cu    7.997058    8.481100   13.145752
Cu    8.953325    8.000881   10.887723
Cu    9.184899   11.532413   10.469336
Cu   10.647787    9.969747    7.640188
Cu    9.708618    9.327012   14.726398
Cu   10.357499    7.603157   12.997445
Cu   10.752815   13.803187   10.740848
Cu   13.074935   10.779287    7.683493
Cu   13.045434   13.234843    8.087922


42
Cu-42                                 
Cu   10.146837    9.867328   14.031270
Cu    6.892370   10.797562   11.556394
Cu   11.000925    8.220898   12.289782
Cu    7.726096    9.050372   10.002758
Cu   11.610000   15.383699   12.724570
Cu    9.241203   14.588220   13.411226
Cu   14.516413   13.325442    9.498088
Cu   12.260282   12.739868    8.631088
Cu   12.928777   15.157639    8.865047
Cu   11.944126   16.644636   10.610641
Cu   10.977077   12.997105   12.588804
Cu    9.206758   11.229314   12.149135
Cu   12.965485   12.480450   11.113169
Cu   10.699677   11.950708   10.358380
Cu    8.993788   13.533446   11.113178
Cu   11.329076   14.325525   10.460392
Cu   13.642930   14.910980   11.266088
Cu    9.609893   15.980694   11.266197
Cu   15.177715   13.018103   11.883956
Cu   10.353030   15.841072    8.864654
Cu   11.240907   13.991763   14.783916
Cu    7.432176   12.835697   12.976414
Cu   14.730288   10.939054   10.584389
Cu    9.734601   13.408945    8.631082
Cu   13.273241   13.518489   13.411559
Cu    7.338523   15.096526   11.883821
Cu   13.975668   11.100212   12.976656
Cu    8.065523   15.036251    9.498117
Cu   11.959048   11.623287   14.472903
Cu    6.697103   13.069913   10.583579
Cu   12.571799    9.277531   13.933681
Cu    8.370015   11.445875    9.654208
Cu    9.442904   12.290713   14.472605
Cu    7.748022   10.556883   13.933379
Cu   13.434895    9.061971   11.556914
Cu    9.464637    7.292919   10.600960
Cu   12.473366   10.358137    9.654387
Cu   10.449346   11.006834    8.206703
Cu   11.845289    7.958737   10.002851
Cu    8.589500    8.860915   12.289474
Cu   11.638478   10.584497   12.149425
Cu   10.070937    9.580363   10.252379


43
Cu-43                                 
Cu   10.637078   13.801558   15.338425
Cu    8.428319   13.515571    8.966767
Cu   14.616655   13.158973   12.679070
Cu   11.977405   11.741667    7.156272
Cu   12.716948   13.013087   11.180703
Cu   11.424457   11.632214    9.497216
Cu   13.005692   15.202684   12.295043
Cu   13.335048   13.125453    8.704088
Cu   12.781705   11.683187   13.493744
Cu    9.575778   11.540000    7.840786
Cu   14.960649    9.433886   10.430269
Cu   13.539660   10.578127    8.732546
Cu   10.867028   11.558399   11.898625
Cu    9.025451   11.441423   10.303797
Cu   10.652287    9.490951   10.618493
Cu   12.939774   10.491699   11.183846
Cu   11.123136   13.675224   13.037860
Cu   10.308159   13.596881   10.639033
Cu   11.460281    9.511133   13.086433
Cu    8.794098    9.332566    8.931300
Cu   14.881466   10.684965   12.587785
Cu   11.218357    9.560331    8.177922
Cu    9.116884   14.909954   13.597653
Cu    8.239692   14.705730   11.244415
Cu    8.737183   12.664040   12.583941
Cu    6.982285   12.601832   10.810580
Cu   13.047562   13.957213   14.481857
Cu   10.865943   13.724805    8.148640
Cu   14.524363   14.419461   10.470904
Cu   14.868719   11.952793   10.416027
Cu   11.408756   15.839739   14.101000
Cu    9.760918   15.574382    9.399198
Cu   10.343145   11.566916   14.237756
Cu    7.246266   11.305886    8.694695
Cu   13.543381    8.434962   12.238223
Cu   12.758447    8.370229    9.823193
Cu    9.013721   10.104435   12.535946
Cu    7.214047    9.969937   10.814719
Cu   11.323123    7.428985   11.666381
Cu    8.787914    8.042840   11.095721
Cu   10.582547   15.790591   11.749905
Cu   12.179380   15.088191    9.869754
Cu   10.458484    7.481369    9.312638


44
Cu-44                                 
Cu   10.765220   11.252434   13.614534
Cu   11.324979   14.835770    8.455272
Cu   12.938431   10.295389   12.574741
Cu   13.332891   13.384026    8.747058
Cu   10.846189   14.728877   12.745778
Cu    8.327218   14.724585   12.483040
Cu   10.955321   10.878161   11.251611
Cu   11.143479   12.882593    9.832125
Cu   10.821019    8.853763   12.601990
Cu   11.326245   12.611164    7.304207
Cu    7.448356    8.609672   11.146172
Cu    9.185992   11.170394    7.307313
Cu    9.532110    7.031785   11.482108
Cu   11.327793   10.280065    6.420112
Cu   12.278070   12.757067   12.242366
Cu   12.404335   14.730896   10.756461
Cu   15.108620   10.719472   11.406283
Cu   14.398564   13.221216   11.020966
Cu    9.652782   12.794740   11.905516
Cu    9.041650   11.475334    9.841122
Cu   14.233657    8.370462   11.617846
Cu   15.228191   11.787269    9.139421
Cu   10.959719    7.082981    9.366302
Cu   13.124958   11.348043   10.223203
Cu    9.677752    9.070045   10.254337
Cu   11.159595   10.566066    8.803279
Cu    9.341967   13.236925   14.198490
Cu    9.807748   14.871495   10.465722
Cu   13.479335    7.088518    9.595675
Cu   14.455900    9.396388    9.324364
Cu    7.379498   12.382485   12.778799
Cu    7.700303   13.450379   10.458987
Cu    8.763574   10.357486   12.321795
Cu    9.193810   13.503418    8.362712
Cu   12.233179    8.964898   10.433990
Cu   13.331523   11.054554    7.715962
Cu    6.439516   10.081362   12.897339
Cu    7.163433   12.034843    8.466713
Cu   12.033151    6.884401   11.632733
Cu   12.426579    8.628610    7.958175
Cu    6.825298   11.009962   10.728037
Cu    7.719656    9.628975    8.774306
Cu    8.451588    7.286951    9.240129
Cu    9.849871    8.726523    7.744628


45
Cu-45                                 
Cu    9.583482   10.700583   14.769258
Cu    8.496499   10.345876    9.946526
Cu   11.323392   10.214696   13.042719
Cu   10.799722   10.704454   10.683937
Cu   14.311343   13.139677   10.616983
Cu   14.921807   10.735350    9.896443
Cu   13.648070    6.916038   11.615588
Cu   12.001987    6.886971    9.761152
Cu   14.547463    9.188367   11.974774
Cu   14.126100    8.363652    9.583916
Cu   15.317659   11.554996   12.244946
Cu   14.438540    9.954511    7.620052
Cu   11.167962   12.607086   12.227971
Cu   11.970984   12.660500    9.818280
Cu   13.656211   10.650943   13.885158
Cu   12.207061    8.784898   11.135169
Cu   13.523015   13.071407   13.072610
Cu   13.846972   12.300774    8.265663
Cu   13.091799   11.123146   11.465079
Cu   12.548565   10.195819    9.027834
Cu   11.822673    9.728889   15.332701
Cu   10.445357    8.802577    9.253736
Cu   10.194783    8.299037   14.006323
Cu    9.606697    8.722511   11.639686
Cu   12.772064    8.257193   13.545934
Cu   11.182438    6.866587   12.196917
Cu   11.729203   12.134658   14.645511
Cu   10.305328   11.243991    8.321465
Cu   11.569011   14.443896   13.733080
Cu   11.468354   13.299660    7.538379
Cu   12.369987   14.628942   11.363482
Cu   13.104727   14.599645    8.987419
Cu    7.710810   13.275618   12.053419
Cu    8.190233   14.721085   10.048303
Cu    7.405057   11.687463   13.985787
Cu    7.167767   12.450927    9.723016
Cu    7.963628    9.319378   13.406987
Cu    6.788810   10.928527   11.672250
Cu    9.077198   11.166474   12.344410
Cu    9.479035   12.713697   10.341484
Cu    9.853151   14.669292   11.897170
Cu   10.645341   14.764407    9.475484
Cu    9.442595   13.099102   13.927839
Cu    9.029340   13.401892    8.088911
Cu   12.313544   11.102867    6.798910


46
Cu-46                                 
Cu   11.881974   10.121647   14.631082
Cu   11.272394   15.249839    9.587800
Cu   11.226563    7.192203   11.843713
Cu   10.432563   12.441731    6.725979
Cu    9.354177   10.052370   14.257140
Cu    8.973415   14.750870   10.702137
Cu   10.755455    7.952734   14.185342
Cu    9.377028   14.184015    8.240659
Cu    9.600522   11.677369   12.384145
Cu    9.160898   12.346706    9.972216
Cu    9.076342    9.796546   10.558170
Cu    8.229672   11.964144    7.793252
Cu   12.106893   11.736985   12.777675
Cu   11.170100   11.124333   10.572677
Cu   13.038594    8.354678   13.187967
Cu   11.656626   14.570317    7.229543
Cu   13.207330   10.007937   11.275681
Cu   14.827606   11.977420    8.870300
Cu   15.336936   11.349255   11.356799
Cu   15.241650   13.756762   10.660450
Cu   13.108879   14.870331   11.353877
Cu   14.216203   13.108561   12.850601
Cu   14.890644    9.567541    9.620053
Cu   12.781651   10.599906    8.763111
Cu   11.961072   14.156167   13.558434
Cu   11.008241   13.484539   11.293899
Cu   11.357667    8.787762    9.914544
Cu   10.231645   10.580473    8.393651
Cu   13.005844   12.359263   14.910461
Cu   10.866337   15.763892   12.020419
Cu   13.429741    7.670294   10.775562
Cu   13.058324   12.485423    7.144129
Cu   10.516793   12.305394   14.643626
Cu    8.066171   12.201222   14.138031
Cu    9.408793   14.069098   13.147731
Cu    7.536732   12.944422   11.801795
Cu    7.545900   10.398405   12.399501
Cu    7.060462   11.184029   10.050855
Cu   10.938476    9.515668   12.374896
Cu   11.429587   12.838301    8.873292
Cu    8.892441    8.267714   12.527702
Cu    7.204412   13.604857    9.387778
Cu   14.181251   10.620003   13.517050
Cu   13.232850   12.464293   10.624013
Cu   15.207495    8.917795   12.027267
Cu   13.519916   14.242750    8.901726


47
Cu-47                                 
Cu   12.318560   11.769770   15.264242
Cu   14.375928    8.829958   12.048194
Cu    8.113114    7.838825   12.554858
Cu    8.850976    8.017297   10.166328
Cu    9.858040   10.769766   15.240589
Cu   12.908971    6.922539   11.347116
Cu    9.959283    8.480492   14.163380
Cu   10.476077    7.286184   11.971688
Cu   13.525231   14.602831   12.335613
Cu   15.054277   12.874467   11.323412
Cu    8.419859   12.562162    8.329285
Cu   10.043005   10.814178    7.275098
Cu   10.201293   13.716203   11.304135
Cu   14.323029   10.239306    7.917135
Cu    8.697562   11.743964   10.663363
Cu   12.023789    9.250533    7.760489
Cu    9.462426   11.983365   13.095870
Cu   13.681711    8.485608    9.566165
Cu    8.006304   10.044664   13.729433
Cu   11.294216    7.539486    9.530205
Cu   12.361509   14.118608    8.333776
Cu   14.321841   12.559926    8.873356
Cu   10.717278   12.359983    9.127743
Cu   12.389398   11.775942    7.330184
Cu   14.182064   12.629462   13.779837
Cu   13.859102   10.068954   14.223809
Cu   15.682669   10.860316   12.687502
Cu   13.401032   11.148314   12.025782
Cu    6.514099   11.642083    9.664781
Cu    8.091610   10.075809    8.801069
Cu   11.467628   10.394757   13.491665
Cu   12.403469    8.059963   13.526756
Cu   11.054524   11.433255   11.334574
Cu   11.995551    9.138718   11.350890
Cu    9.556267    9.636704   11.944044
Cu   10.380812    9.882594    9.557455
Cu   12.638941   13.142868   10.650014
Cu   12.719229   10.835450    9.595765
Cu   10.427281   13.267550    6.940891
Cu    9.961746   14.632855    8.984130
Cu   11.818329   12.974172   13.140182
Cu   15.105733   10.540956   10.279240
Cu    7.240708    9.796426   11.190311
Cu    9.674825    8.395941    7.827835
Cu   11.832011   15.400842   10.451792
Cu   14.207135   14.803653    9.924125
Cu   11.869539    9.319640   15.595842


48
Cu-48                                 
Cu   11.578675    9.237335   14.836042
Cu   13.479850    7.577216    9.042540
Cu   11.346729    7.092630   13.513768
Cu   12.456990    7.219594   11.290161
Cu   14.299932   14.644087   13.004364
Cu   15.303928   12.225747    8.629452
Cu   10.207392   13.295575   12.290810
Cu   11.283129   13.474950    9.925242
Cu   13.720735   10.608342   14.579631
Cu   14.601081    8.617556   11.027205
Cu   14.938926   12.278560   13.000676
Cu   15.519566   11.001617   10.801199
Cu   15.513776    9.824267   13.013670
Cu   13.491451    8.372802   13.324755
Cu   11.318544    9.201938   12.367892
Cu   12.411944    9.445104   10.089265
Cu   13.110004   13.077711   14.551166
Cu   14.474566    9.876821    8.774802
Cu   11.564982   11.414159   13.592345
Cu   11.109644   11.188695    8.767221
Cu    7.852942    8.969019   11.623251
Cu   11.305851   11.378431   11.181749
Cu   13.436369   10.586711   12.112752
Cu   13.327673   11.819046    9.900359
Cu   14.882681   13.515491   10.778506
Cu   13.372583   13.808187    8.567270
Cu   11.803528   11.443564   15.969381
Cu   12.223544    9.233646    7.642743
Cu    9.338832    8.616065   13.701524
Cu    9.866897    7.375185   11.492317
Cu   10.439317   13.222650   14.776654
Cu   10.941726   10.951168    6.386340
Cu    9.136366   12.145033   10.245687
Cu    9.012434   11.797473    7.777383
Cu    7.176867   11.393299   11.578771
Cu    7.748859   10.290948    9.376381
Cu    9.564559   10.828970   14.990545
Cu   10.964379    7.615521    9.193248
Cu    9.341860   10.821461   12.472568
Cu    9.880487    9.583352   10.309533
Cu    8.269591   12.574186   13.708065
Cu    9.645025    9.353740    7.843890
Cu    7.433001   10.214434   13.779905
Cu    8.483504    7.840890    9.464594
Cu   11.791823   14.829700   13.480687
Cu   13.187088   11.582332    7.383437
Cu   12.749164   13.177524   11.986819
Cu   11.222872   13.201033    7.447241


49
Cu-49                                 
Cu   15.890603   13.266013   12.911245
Cu    8.656591   12.789724   12.358397
Cu   16.485626   12.014462   10.696090
Cu    7.815527   11.280150   10.535295
Cu   13.323729    9.200147    8.151488
Cu   11.429776   10.473498    7.107443
Cu   15.434155   11.453375   14.736598
Cu    9.392615    9.386638   14.937944
Cu   17.131393   11.032156   12.924047
Cu    8.489816   10.314230   12.777004
Cu   15.181164    8.028754    9.395020
Cu   12.821615    7.413956    9.955595
Cu   13.767485    9.585630   15.363373
Cu   11.635061    8.299435   14.642835
Cu   16.260717    9.488283   11.147211
Cu    9.058789    9.124280   10.558637
Cu   14.622746    7.590569   11.793836
Cu   10.444066    7.021498   10.627436
Cu   13.210984    9.299178   12.990492
Cu   10.913173   10.319854   13.357950
Cu   13.934331    7.363081   14.188087
Cu   12.177900    7.070798   12.430462
Cu   15.621165    9.146759   13.604371
Cu    9.845701    8.123975   12.817135
Cu   13.001741   11.609817   14.075859
Cu   11.616408   13.079227   15.378267
Cu   12.462062   11.296743   11.745908
Cu   11.710463   13.297960   10.494308
Cu   13.845656    9.637787   10.548862
Cu   11.433595    9.124660   11.177107
Cu   14.823978   11.151753   12.339849
Cu   10.126953   11.328205   11.142941
Cu   15.210445   14.183538   10.653345
Cu    9.324221   13.145768    9.790826
Cu   13.554667   11.842838   16.390076
Cu   11.432272   10.602471   15.778826
Cu   14.153573   13.618964   14.717553
Cu    9.522450   11.912003   14.568226
Cu   13.341650   14.000684    8.745652
Cu   11.198476   12.806278    8.124577
Cu   13.497394   13.473103   12.317724
Cu   11.072605   12.957394   12.948468
Cu   13.536510   11.725904    7.687779
Cu    9.543537   10.875972    8.727681
Cu   14.028825   12.158050   10.126943
Cu   11.942290   10.868913    9.401064
Cu   15.449376   10.483603    8.894932
Cu   10.895297    8.683764    8.783472
Cu   15.605279   12.937267    8.507833


50
Cu-50                                 
Cu   13.550426   12.199738   15.383713
Cu   12.452491   11.930829   13.274105
Cu   15.231307   10.461717   11.674076
Cu   14.878857   11.005959    9.239441
Cu   14.431250    8.175247   12.466049
Cu   14.299728   13.350702    8.894831
Cu   11.821623   10.428731   15.206771
Cu   14.811720   12.404147   13.228453
Cu   11.928799    8.154890    8.843679
Cu   11.266275   10.090178    7.241916
Cu   14.075915   10.136645   14.007237
Cu   13.689134   12.302749   11.013185
Cu   14.165933    8.738728   10.027426
Cu   13.689742    9.446288    7.637141
Cu   11.120182   12.904858   15.206770
Cu   12.895872   14.177536   13.989060
Cu    9.446228    8.815836    8.552641
Cu    8.848567   10.775634    7.104548
Cu    9.339470   11.097174   14.936070
Cu   10.507051   14.878568   13.585627
Cu    8.292340    8.552446   10.839025
Cu    8.296115   12.828784    8.456295
Cu    8.919863   10.931291   11.381553
Cu    9.629926   13.245697   10.562764
Cu    6.631861   10.280869   11.580627
Cu    7.924251   14.820417    9.980087
Cu   12.879468    9.872028   11.828745
Cu   12.496811   10.521799    9.400348
Cu   10.052709    8.687545   14.865246
Cu   11.857837   13.953435   11.729804
Cu   10.121799    6.992559   10.160896
Cu   10.607207   12.616033    7.233493
Cu    8.262892    9.446441   13.287267
Cu    9.994538   15.529195   11.203111
Cu   10.073465    7.722669   12.549777
Cu   10.030589   14.632208    8.636613
Cu   12.278191    8.340404   13.735133
Cu   11.901953   13.135268    9.296907
Cu   12.315983    7.479162   11.309162
Cu   13.007820   11.877301    7.442010
Cu    7.571369   11.920842   13.238414
Cu    8.232409   14.249514   12.432515
Cu   10.663852   10.119186   13.056084
Cu   11.292140   11.606760   11.181271
Cu   10.691214    9.257696   10.667292
Cu   10.058854   11.185900    9.119733
Cu    8.710765   13.519119   14.796477
Cu    9.984223   12.569549   13.010262
Cu    7.640944   10.501055    9.281531
Cu    7.199421   12.581741   10.767555
